330
328
338
337
334
331
344
349
348
345
342
340
339
333
339
337
364
373
365
373
373
367
376
361
361
360
352
362
344
353
375
352
344
354
442
416
436
439
436
426
430
435
430
420
431
431
422
410
431
403
425
428
398
420
397
418
416
403
378
419
371
363
424
424
430
425
428
419
427
431
433
428
434
405
406
402
393
397
402
393
446
475
509
519
549
521
548
525
444
531
548
523
542
513
542
546
515
527
532
535
547
502
530
518
540
543
487
537
536
535
531
484
532
546
532
545
527
513
525
437
501
544
426
452
463
457
518
522
517
519
519
521
533
548
547
517
511
523
532
535
517
531
526
522
521
519
550
550
553
552
561
556
553
550
552
549
571
568
567
568
561
561
574
573
577
577
494
501
495
492
742
737
714
727
762
780
737
755
722
762
725
753
751
771
780
762
729
758
762
781
781
760
751
752
779
773
781
778
762
775
778
778
756
753
765
760
721
767
760
780
759
718
752
755
712
726
749
763
678
672
744
690
762
735
758
722
735
727
742
714
661
704
674
743
638
751
732
681
721
697
712
710
717
647
687
722
701
702
686
708
510
664
707
705
660
486
502
494
533
519
486
623
638
690
487
642
685
658
671
615
671
734
650
644
682
643
686
653
729
748
719
676
724
673
656
813
776
751
689
830
751
824
874
873
738
644
703
828
793
821
811
862
751
836
747
755
729
815
842
778
835
749
836
723
837
824
804
810
813
809
825
833
825
829
825
830
830
822
828
821
821
834
822
789
735
729
738
737
745
744
812
826
842
842
841
836
840
839
837
833
828
569
667
702
793
651
578
782
657
772
550
544
541
560
551
548
588
541
552
570
578
535
814
539
627
828
624
1085
644
732
794
827
1040
835
824
826
829
860
978
821
966
822
821
1030
830
927
997
1038
1013
1025
1029
1029
1025
1023
1062
1003
1062
1025
1038
965
1026
992
1000
1017
1041
1809
1872
1871
1869
1854
1825
1837
1846
1866
1863
1866
1819
1862
1859
1843
1893
1859
1857
1863
1845
1891
1859
1868
1849
1883
1846
1889
1865
1870
1867
1931
1867
1854
1867
1902
1825
1895
1840
1854
1888
1862
1906
1853
1898
1883
1864
1898
1890
1954
1966
1954
1975
1895
1882
1938
1989
1897
1865
1865
1867
1888
1895
1960
1959
1879
1892
1960
1882
1992
1891
1842
1877
1988
1908
1891
1910
1889
1863
1999
1894
1872
1898
1862
1952
1842
1933
1842
1871
1890
1949
1903
1959
1897
1924
2005
1902
1891
1893
1913
1897
1920
1889
1837
1928
1957
1895
1947
1964
1897
1960
1913
1950
1929
1898
1881
1908
1949
1981
1894
1899
1929
1950
1962
1893
1923
1954
1926
1888
1928
1896
1920
1919
1947
1890
1913
1842
1950
1889
1869
1980
1923
1949
1945
1890
1903
2011
1919
1989
1942
1894
1895
1909
1918
1890
1889
1949
1932
1952
1895
1882
1900
1934
1891
1928
1974
1956
1911
1955
1949
1967
1929
1976
1950
1937
1945
1957
1981
1987
1974
1985
1959
1993
1955
1981
1939
1953
1973
1952
1986
1997
2011
1961
1902
1949
1961
1917
1974
1982
1956
2005
1945
2007
1936
1938
2012
2004
1956
1998
1979
1951
1994
1964
1891
1956
2008
1988
1924
1978
1980
2014
1982
1982
1962
1986
2007
1952
1955
2013
1987
1976
1984
1958
1955
1995
1977
1980
2032
1971
1940
1939
2027
1952
1996
1987
1979
1982
1982
2022
1981
1987
2021
2014
1999
1979
1998
1936
1994
1969
1975
2001
2001
2019
1989
2007
2016
1992
1994
1941
2025
2014
1980
2015
1998
2011
1997
2005
2001
1990
2006
1998
1996
2003
1940
2007
2021
1974
2043
1967
2009
2001
1963
1997
1911
1785
1999
1887
1982
1844
1871
2029
1922
1836
1939
1932
1889
1962
1917
1885
1899
1876
1852
1882
1893
1862
1916
1872
1868
1900
1842
1878
1873
1698
1831
1846
1839
1628
1872
1898
1784
1803
1850
1830
1799
1569
1454
1870
1881
1413
1612
1816
1497
1783
1603
1652
1512
1795
1748
1557
1772
1386
1584
1440
1845
1653
1508
1605
1854
1593
1690
1546
1491
1577
1501
1756
1552
1504
1466
1553
1422
1690
1399
1440
1700
1554
1387
1566
1480
1742
1465
1480
1407
1391
1651
1499
1533
1392
1496
1458
1521
1540
1475
1384
1487
1552
1496
1498
1399
1387
1508
1547
1411
1510
1452
1548
1387
1462
1555
1538
1599
1529
1534
1517
1467
1663
